00000000: 10111101 00000000 00000101 10001001 11101100 10001000  ......
00000006: 00010110 01011101 01111101 10111011 00111101 01111101  .]}.=}
0000000c: 11101000 11100011 00000000 10111011 00000010 00000000  ......
00000012: 10111001 00000100 00000000 10111010 00000000 01111110  .....~
00000018: 11101000 01010010 00000000 11101000 00000010 00000000  .R....
0000001e: 11101011 11111110 11111010 00001111 00000001 00010110  ......
00000024: 01100111 01111100 00001111 00100000 11000000 01100110  g|. .f
0000002a: 10000011 11001000 00000001 00001111 00100010 11000000  ....".
00000030: 11101010 00110101 01111100 00001000 00000000 01100110  .5|..f
00000036: 10111000 00010000 00000000 10001110 11011000 10001110  ......
0000003c: 11010000 10001110 11000000 10001110 11100000 10001110  ......
00000042: 11101000 10111101 00000000 00000000 00001001 00000000  ......
00000048: 10001001 11101100 11101001 10110001 00000001 00000000  ......
0000004e: 00000000 00000000 00000000 00000000 00000000 00000000  ......
00000054: 00000000 00000000 00000000 11111111 11111111 00000000  ......
0000005a: 00000000 00000000 10011010 11001111 00000000 11111111  ......
00000060: 11111111 00000000 00000000 00000000 10010010 11001111  ......
00000066: 00000000 00010111 00000000 01001111 01111100 00000000  ...O|.
0000006c: 00000000 01010000 01010011 01010001 01010010 01010001  .PSQRQ
00000072: 10110100 00000010 10001000 11001000 10001000 11011001  ......
00000078: 10001001 11010011 10110101 00000000 10110110 00000000  ......
0000007e: 10001010 00010110 01011101 01111101 11001101 00010011  ..]}..
00000084: 01110010 00010000 01011011 00111000 11011000 01110101  r.[8.u
0000008a: 00001011 10111011 11000110 01111100 11101000 01100001  ...|.a
00000090: 00000000 01011010 01011001 01011011 01011000 11000011  .ZY[X.
00000096: 10111011 10100110 01111100 11101000 01010110 00000000  ..|.V.
0000009c: 11000001 11101000 00001000 10001001 11000011 11101000  ......
000000a2: 01100001 00000000 11101011 11111110 00001101 00001010  a.....
000000a8: 01000101 01010010 01010010 01001111 01010010 00100000  ERROR 
000000ae: 01001100 01101111 01100001 01100100 01101001 01101110  Loadin
000000b4: 01100111 00100000 01010011 01100101 01100011 01110100  g Sect
000000ba: 01101111 01110010 01110011 00101110 00100000 01000011  ors. C
000000c0: 01101111 01100100 01100101 00111010 00100000 00000000  ode: .
000000c6: 00001101 00001010 01000001 01100100 01100100 01101001  ..Addi
000000cc: 01110100 01101001 01101111 01101110 01100001 01101100  tional
000000d2: 00100000 01010011 01100101 01100011 01110100 01101111   Secto
000000d8: 01110010 01110011 00100000 01001100 01101111 01100001  rs Loa
000000de: 01100100 01100101 01100100 00100000 01010011 01110101  ded Su
000000e4: 01100011 01100011 01100101 01110011 01110011 01100110  ccessf
000000ea: 01110101 01101100 01101100 01111001 00100001 00001101  ully!.
000000f0: 00001010 00000000 01010000 01010011 10110100 00001110  ..PS..
000000f6: 10000000 00111111 00000000 01110100 00000111 10001010  .?.t..
000000fc: 00000111 11001101 00010000 01000011 11101011 11110100  ...C..
00000102: 01011011 01011000 11000011 01010000 01010011 01010001  [X.PSQ
00000108: 10110100 00001110 10110000 00110000 11001101 00010000  ...0..
0000010e: 10110000 01111000 11001101 00010000 10111001 00000100  .x....
00000114: 00000000 10000011 11111001 00000000 01110100 00011111  ....t.
0000011a: 01010011 11000001 11101011 00001100 10000011 11111011  S.....
00000120: 00001010 01111101 00000110 10110000 00110000 00000000  .}..0.
00000126: 11011000 11101011 00000111 10000000 11101011 00001010  ......
0000012c: 10110000 01000001 00000000 11011000 11001101 00010000  .A....
00000132: 01011011 11000001 11100011 00000100 01001001 11101011  [...I.
00000138: 11011100 01011001 01011011 01011000 11000011 00001101  .Y[X..
0000013e: 00001010 01001000 01100101 01101100 01101100 01101111  .Hello
00000144: 00100000 01010111 01101111 01110010 01101100 01100100   World
0000014a: 00101100 00100000 01100110 01110010 01101111 01101101  , from
00000150: 00100000 01110100 01101000 01100101 00100000 01000010   the B
00000156: 01001001 01001111 01010011 00100001 00001101 00001010  IOS!..
0000015c: 00000000 00000000 00000000 00000000 00000000 00000000  ......
00000162: 00000000 00000000 00000000 00000000 00000000 00000000  ......
00000168: 00000000 00000000 00000000 00000000 00000000 00000000  ......
0000016e: 00000000 00000000 00000000 00000000 00000000 00000000  ......
00000174: 00000000 00000000 00000000 00000000 00000000 00000000  ......
0000017a: 00000000 00000000 00000000 00000000 00000000 00000000  ......
00000180: 00000000 00000000 00000000 00000000 00000000 00000000  ......
00000186: 00000000 00000000 00000000 00000000 00000000 00000000  ......
0000018c: 00000000 00000000 00000000 00000000 00000000 00000000  ......
00000192: 00000000 00000000 00000000 00000000 00000000 00000000  ......
00000198: 00000000 00000000 00000000 00000000 00000000 00000000  ......
0000019e: 00000000 00000000 00000000 00000000 00000000 00000000  ......
000001a4: 00000000 00000000 00000000 00000000 00000000 00000000  ......
000001aa: 00000000 00000000 00000000 00000000 00000000 00000000  ......
000001b0: 00000000 00000000 00000000 00000000 00000000 00000000  ......
000001b6: 00000000 00000000 00000000 00000000 00000000 00000000  ......
000001bc: 00000000 00000000 00000000 00000000 00000000 00000000  ......
000001c2: 00000000 00000000 00000000 00000000 00000000 00000000  ......
000001c8: 00000000 00000000 00000000 00000000 00000000 00000000  ......
000001ce: 00000000 00000000 00000000 00000000 00000000 00000000  ......
000001d4: 00000000 00000000 00000000 00000000 00000000 00000000  ......
000001da: 00000000 00000000 00000000 00000000 00000000 00000000  ......
000001e0: 00000000 00000000 00000000 00000000 00000000 00000000  ......
000001e6: 00000000 00000000 00000000 00000000 00000000 00000000  ......
000001ec: 00000000 00000000 00000000 00000000 00000000 00000000  ......
000001f2: 00000000 00000000 00000000 00000000 00000000 00000000  ......
000001f8: 00000000 00000000 00000000 00000000 00000000 00000000  ......
000001fe: 01010101 10101010 11101000 00011011 00000000 00000000  U.....
00000204: 00000000 11101000 00111100 00000000 00000000 00000000  ..<...
0000020a: 10111110 11001011 01111111 00000000 00000000 11101000  ......
00000210: 10011101 00000001 00000000 00000000 11101000 00111101  .....=
00000216: 00000001 00000000 00000000 11101000 11011101 00000000  ......
0000021c: 00000000 00000000 11101011 11111110 01100000 10111011  ....`.
00000222: 10100000 00001111 00000000 00000000 10111001 00000000  ......
00000228: 10000000 00001011 00000000 10111010 00000000 00000000  ......
0000022e: 00000000 00000000 00111001 11011010 01111101 00010000  ..9.}.
00000234: 01010010 10110000 00100000 10110100 00001111 00000001  R. ...
0000023a: 11001010 01100110 10001001 00000010 01011010 10000011  .f..Z.
00000240: 11000010 00000010 11101011 11101100 01100001 11000011  ....a.
00000246: 01100000 10011100 01011000 10001001 11000001 00110101  `.X..5
0000024c: 00000000 00000000 00100000 00000000 01010000 10011101  .. .P.
00000252: 10011100 01011000 01010001 10011101 00111001 11001000  .XQ.9.
00000258: 01110100 00011111 10111000 00000000 00000000 00000000  t.....
0000025e: 10000000 00001111 10100010 00111101 00000001 00000000  ...=..
00000264: 00000000 10000000 01110010 00010001 10111000 00000001  ..r...
0000026a: 00000000 00000000 10000000 00001111 10100010 11110111  ......
00000270: 11000010 00000000 00000000 00000000 00100000 01110100  .... t
00000276: 00010011 01100001 11000011 11101000 10100010 11111111  .a....
0000027c: 11111111 11111111 10111110 11000110 01111110 00000000  ....~.
00000282: 00000000 11101000 00101001 00000001 00000000 00000000  ..)...
00000288: 11101011 11111110 11101000 10010001 11111111 11111111  ......
0000028e: 11111111 10111110 10011011 01111110 00000000 00000000  ...~..
00000294: 11101000 00011000 00000001 00000000 00000000 11101011  ......
0000029a: 11111110 01000101 01010010 01010010 01001111 01010010  .ERROR
000002a0: 00111010 00100000 01001100 01101111 01101110 01100111  : Long
000002a6: 00100000 01101101 01101111 01100100 01100101 00100000   mode 
000002ac: 01101110 01101111 01110100 00100000 01110011 01110101  not su
000002b2: 01110000 01110000 01101111 01110010 01110100 01100101  pporte
000002b8: 01100100 00101110 00100000 01000101 01111000 01101001  d. Exi
000002be: 01110100 01101001 01101110 01100111 00101110 00101110  ting..
000002c4: 00101110 00000000 01000101 01010010 01010010 01001111  ..ERRO
000002ca: 01010010 00111010 00100000 01000011 01010000 01010101  R: CPU
000002d0: 01001001 01000100 00100000 01110101 01101110 01110011  ID uns
000002d6: 01110101 01110000 01110000 01101111 01110010 01110100  upport
000002dc: 01100101 01100100 00101100 00100000 01100010 01110101  ed, bu
000002e2: 01110100 00100000 01110010 01100101 01110001 01110101  t requ
000002e8: 01101001 01110010 01100101 01100100 00100000 01100110  ired f
000002ee: 01101111 01110010 00100000 01101100 01101111 01101110  or lon
000002f4: 01100111 00100000 01101101 01101111 01100100 01100101  g mode
000002fa: 00000000 10111001 10000000 00000000 00000000 11000000  ......
00000300: 00001111 00110010 00001101 00000000 00000001 00000000  .2....
00000306: 00000000 00001111 00110000 00001111 00100000 11000000  ..0. .
0000030c: 00001101 00000000 00000000 00000000 10000000 00001111  ......
00000312: 00100010 11000000 00001111 00000001 00010101 01010000  "....P
00000318: 01111111 00000000 00000000 11101010 00100010 01111111  ....".
0000031e: 00000000 00000000 00001000 00000000 11111010 01100110  .....f
00000324: 10111000 00010000 00000000 10001110 11011000 10001110  ......
0000032a: 11000000 10001110 11100000 10001110 11101000 10001110  ......
00000330: 11010000 11101001 11001010 00000000 00000000 00000000  ......
00000336: 10010000 10010000 00000000 00000000 00000000 00000000  ......
0000033c: 00000000 00000000 00000000 00000000 11111111 11111111  ......
00000342: 00000000 00000000 00000000 10011010 10101111 00000000  ......
00000348: 00000000 00000000 00000000 00000000 00000000 10010010  ......
0000034e: 10100000 00000000 00010111 00000000 00111000 01111111  ....8.
00000354: 00000000 00000000 01100000 10111111 00000000 00010000  ..`...
0000035a: 00000000 00000000 00001111 00100010 11011111 00110001  ...".1
00000360: 11000000 10111001 00000000 00010000 00000000 00000000  ......
00000366: 11110011 10101011 00001111 00100000 11011111 11000111  ... ..
0000036c: 00000111 00000011 00100000 00000000 00000000 10000001  .. ...
00000372: 11000111 00000000 00010000 00000000 00000000 11000111  ......
00000378: 00000111 00000011 00110000 00000000 00000000 10000001  ..0...
0000037e: 11000111 00000000 00010000 00000000 00000000 11000111  ......
00000384: 00000111 00000011 01000000 00000000 00000000 10000001  ..@...
0000038a: 11000111 00000000 00010000 00000000 00000000 10111011  ......
00000390: 00000011 00000000 00000000 00000000 10111001 00000000  ......
00000396: 00000010 00000000 00000000 10001001 00011111 10000001  ......
0000039c: 11000011 00000000 00010000 00000000 00000000 10000011  ......
000003a2: 11000111 00001000 11100010 11110011 00001111 00100000  ..... 
000003a8: 11100000 10000011 11001000 00100000 00001111 00100010  ... ."
000003ae: 11100000 01100001 11000011 01100000 10111010 00000000  .a.`..
000003b4: 10000000 00001011 00000000 10000000 00111110 00000000  ....>.
000003ba: 01110100 00001101 10001010 00000110 10110100 00001111  t.....
000003c0: 01100110 10001001 00000010 01000110 10000011 11000010  f..F..
000003c6: 00000010 11101011 11101110 01100001 11000011 00110110  ...a.6
000003cc: 00110100 00101101 01100010 01101001 01110100 00100000  4-bit 
000003d2: 01101100 01101111 01101110 01100111 00100000 01101101  long m
000003d8: 01101111 01100100 01100101 00100000 01110011 01110101  ode su
000003de: 01110000 01110000 01101111 01110010 01110100 01100101  pporte
000003e4: 01100100 00000000 00000000 00000000 00000000 00000000  d.....
000003ea: 00000000 00000000 00000000 00000000 00000000 00000000  ......
000003f0: 00000000 00000000 00000000 00000000 00000000 00000000  ......
000003f6: 00000000 00000000 00000000 00000000 00000000 00000000  ......
000003fc: 00000000 00000000 00000000 00000000 10111111 00011111  ......
00000402: 00000000 00000000 00000000 11101000 00000111 00000000  ......
00000408: 00000000 00000000 11101000 11110001 00000001 00000000  ......
0000040e: 00000000 11101011 11111110 01010111 01010000 01010001  ...WPQ
00000414: 01001000 11000001 11100111 00001000 01001000 10001001  H...H.
0000041a: 11111000 10110000 00100000 10111111 00000000 10000000  .. ...
00000420: 00001011 00000000 10111001 11010000 00000111 00000000  ......
00000426: 00000000 11110011 01100110 10101011 01011001 01011000  ..f.YX
0000042c: 01011111 11000011 01010000 01010010 01010111 01010110  _.PRWV
00000432: 10111010 00000000 10000000 00001011 00000000 01001000  .....H
00000438: 11000001 11100111 00001000 10000000 00111110 00000000  ....>.
0000043e: 01110100 00011010 01001000 10000001 11111010 10100000  t.H...
00000444: 10001111 00001011 00000000 01110100 00010001 01001000  ...t.H
0000044a: 10001001 11111000 10001010 00000110 01100110 10001001  ....f.
00000450: 00000010 01001000 11111111 11000110 01001000 10000011  .H..H.
00000456: 11000010 00000010 11101011 11100001 01011110 01011111  ....^_
0000045c: 01011010 01011000 11000011 01001110 01101111 01110111  ZX.Now
00000462: 00100000 01110010 01110101 01101110 01101110 01101001   runni
00000468: 01101110 01100111 00100000 01101001 01101110 00100000  ng in 
0000046e: 01100110 01110101 01101100 01101100 01111001 00101101  fully-
00000474: 01100101 01101110 01100001 01100010 01101100 01100101  enable
0000047a: 01100100 00101100 00100000 00110110 00110100 00101101  d, 64-
00000480: 01100010 01101001 01110100 00100000 01101100 01101111  bit lo
00000486: 01101110 01100111 00100000 01101101 01101111 01100100  ng mod
0000048c: 01100101 00100001 00000000 01001110 01101111 01110111  e!.Now
00000492: 00100000 01001001 00100000 01100001 01101101 00100000   I am 
00000498: 01101000 01100101 01110010 01100101 00000000 00000000  here..
0000049e: 00000000 00000000 00000000 00000000 00000000 00000000  ......
000004a4: 00000000 00000000 00000000 00000000 00000000 00000000  ......
000004aa: 00000000 00000000 00000000 00000000 00000000 00000000  ......
000004b0: 00000000 00000000 00000000 00000000 00000000 00000000  ......
000004b6: 00000000 00000000 00000000 00000000 00000000 00000000  ......
000004bc: 00000000 00000000 00000000 00000000 00000000 00000000  ......
000004c2: 00000000 00000000 00000000 00000000 00000000 00000000  ......
000004c8: 00000000 00000000 00000000 00000000 00000000 00000000  ......
000004ce: 00000000 00000000 00000000 00000000 00000000 00000000  ......
000004d4: 00000000 00000000 00000000 00000000 00000000 00000000  ......
000004da: 00000000 00000000 00000000 00000000 00000000 00000000  ......
000004e0: 00000000 00000000 00000000 00000000 00000000 00000000  ......
000004e6: 00000000 00000000 00000000 00000000 00000000 00000000  ......
000004ec: 00000000 00000000 00000000 00000000 00000000 00000000  ......
000004f2: 00000000 00000000 00000000 00000000 00000000 00000000  ......
000004f8: 00000000 00000000 00000000 00000000 00000000 00000000  ......
000004fe: 00000000 00000000 00000000 00000000 00000000 00000000  ......
00000504: 00000000 00000000 00000000 00000000 00000000 00000000  ......
0000050a: 00000000 00000000 00000000 00000000 00000000 00000000  ......
00000510: 00000000 00000000 00000000 00000000 00000000 00000000  ......
00000516: 00000000 00000000 00000000 00000000 00000000 00000000  ......
0000051c: 00000000 00000000 00000000 00000000 00000000 00000000  ......
00000522: 00000000 00000000 00000000 00000000 00000000 00000000  ......
00000528: 00000000 00000000 00000000 00000000 00000000 00000000  ......
0000052e: 00000000 00000000 00000000 00000000 00000000 00000000  ......
00000534: 00000000 00000000 00000000 00000000 00000000 00000000  ......
0000053a: 00000000 00000000 00000000 00000000 00000000 00000000  ......
00000540: 00000000 00000000 00000000 00000000 00000000 00000000  ......
00000546: 00000000 00000000 00000000 00000000 00000000 00000000  ......
0000054c: 00000000 00000000 00000000 00000000 00000000 00000000  ......
00000552: 00000000 00000000 00000000 00000000 00000000 00000000  ......
00000558: 00000000 00000000 00000000 00000000 00000000 00000000  ......
0000055e: 00000000 00000000 00000000 00000000 00000000 00000000  ......
00000564: 00000000 00000000 00000000 00000000 00000000 00000000  ......
0000056a: 00000000 00000000 00000000 00000000 00000000 00000000  ......
00000570: 00000000 00000000 00000000 00000000 00000000 00000000  ......
00000576: 00000000 00000000 00000000 00000000 00000000 00000000  ......
0000057c: 00000000 00000000 00000000 00000000 00000000 00000000  ......
00000582: 00000000 00000000 00000000 00000000 00000000 00000000  ......
00000588: 00000000 00000000 00000000 00000000 00000000 00000000  ......
0000058e: 00000000 00000000 00000000 00000000 00000000 00000000  ......
00000594: 00000000 00000000 00000000 00000000 00000000 00000000  ......
0000059a: 00000000 00000000 00000000 00000000 00000000 00000000  ......
000005a0: 00000000 00000000 00000000 00000000 00000000 00000000  ......
000005a6: 00000000 00000000 00000000 00000000 00000000 00000000  ......
000005ac: 00000000 00000000 00000000 00000000 00000000 00000000  ......
000005b2: 00000000 00000000 00000000 00000000 00000000 00000000  ......
000005b8: 00000000 00000000 00000000 00000000 00000000 00000000  ......
000005be: 00000000 00000000 00000000 00000000 00000000 00000000  ......
000005c4: 00000000 00000000 00000000 00000000 00000000 00000000  ......
000005ca: 00000000 00000000 00000000 00000000 00000000 00000000  ......
000005d0: 00000000 00000000 00000000 00000000 00000000 00000000  ......
000005d6: 00000000 00000000 00000000 00000000 00000000 00000000  ......
000005dc: 00000000 00000000 00000000 00000000 00000000 00000000  ......
000005e2: 00000000 00000000 00000000 00000000 00000000 00000000  ......
000005e8: 00000000 00000000 00000000 00000000 00000000 00000000  ......
000005ee: 00000000 00000000 00000000 00000000 00000000 00000000  ......
000005f4: 00000000 00000000 00000000 00000000 00000000 00000000  ......
000005fa: 00000000 00000000 00000000 00000000 00000000 00000000  ......
00000600: 01001000 10001101 00110101 00001100 00000000 00000000  H.5...
00000606: 00000000 11101000 00111001 00000000 00000000 00000000  ..9...
0000060c: 11101000 00001110 00000000 00000000 00000000 11101011  ......
00000612: 11111110 01101000 01100101 01101100 01101100 01101111  .hello
00000618: 00100000 01110111 01101111 01110010 01101100 01100100   world
0000061e: 00000000 01010010 01010110 01010000 10111010 00000000  .RVP..
00000624: 10000000 00001011 00000000 10111110 00000000 00000101  ......
0000062a: 00000000 00000000 10110100 00011111 10000000 00111110  .....>
00000630: 00000000 01110100 00001110 10001010 00000110 01100110  .t...f
00000636: 10001001 00000010 01001000 11111111 11000110 01001000  ..H..H
0000063c: 10000011 11000010 00000010 11101011 11101101 01011000  .....X
00000642: 01011110 01011010 11000011 01010110 01010010 01010000  ^Z.VRP
00000648: 10111010 00000000 00000101 00000000 00000000 10000000  ......
0000064e: 00111110 00000000 01110100 00001100 10001010 00000110  >.t...
00000654: 10001000 00000010 01001000 11111111 11000110 01001000  ..H..H
0000065a: 11111111 11000010 11101011 11101111 01011000 01011010  ....XZ
00000660: 01011110 11000011 00000000 00000000 00000000 00000000  ^.....
00000666: 00000000 00000000 00000000 00000000 00000000 00000000  ......
0000066c: 00000000 00000000 00000000 00000000 00000000 00000000  ......
00000672: 00000000 00000000 00000000 00000000 00000000 00000000  ......
00000678: 00000000 00000000 00000000 00000000 00000000 00000000  ......
0000067e: 00000000 00000000 00000000 00000000 00000000 00000000  ......
00000684: 00000000 00000000 00000000 00000000 00000000 00000000  ......
0000068a: 00000000 00000000 00000000 00000000 00000000 00000000  ......
00000690: 00000000 00000000 00000000 00000000 00000000 00000000  ......
00000696: 00000000 00000000 00000000 00000000 00000000 00000000  ......
0000069c: 00000000 00000000 00000000 00000000 00000000 00000000  ......
000006a2: 00000000 00000000 00000000 00000000 00000000 00000000  ......
000006a8: 00000000 00000000 00000000 00000000 00000000 00000000  ......
000006ae: 00000000 00000000 00000000 00000000 00000000 00000000  ......
000006b4: 00000000 00000000 00000000 00000000 00000000 00000000  ......
000006ba: 00000000 00000000 00000000 00000000 00000000 00000000  ......
000006c0: 00000000 00000000 00000000 00000000 00000000 00000000  ......
000006c6: 00000000 00000000 00000000 00000000 00000000 00000000  ......
000006cc: 00000000 00000000 00000000 00000000 00000000 00000000  ......
000006d2: 00000000 00000000 00000000 00000000 00000000 00000000  ......
000006d8: 00000000 00000000 00000000 00000000 00000000 00000000  ......
000006de: 00000000 00000000 00000000 00000000 00000000 00000000  ......
000006e4: 00000000 00000000 00000000 00000000 00000000 00000000  ......
000006ea: 00000000 00000000 00000000 00000000 00000000 00000000  ......
000006f0: 00000000 00000000 00000000 00000000 00000000 00000000  ......
000006f6: 00000000 00000000 00000000 00000000 00000000 00000000  ......
000006fc: 00000000 00000000 00000000 00000000 00000000 00000000  ......
00000702: 00000000 00000000 00000000 00000000 00000000 00000000  ......
00000708: 00000000 00000000 00000000 00000000 00000000 00000000  ......
0000070e: 00000000 00000000 00000000 00000000 00000000 00000000  ......
00000714: 00000000 00000000 00000000 00000000 00000000 00000000  ......
0000071a: 00000000 00000000 00000000 00000000 00000000 00000000  ......
00000720: 00000000 00000000 00000000 00000000 00000000 00000000  ......
00000726: 00000000 00000000 00000000 00000000 00000000 00000000  ......
0000072c: 00000000 00000000 00000000 00000000 00000000 00000000  ......
00000732: 00000000 00000000 00000000 00000000 00000000 00000000  ......
00000738: 00000000 00000000 00000000 00000000 00000000 00000000  ......
0000073e: 00000000 00000000 00000000 00000000 00000000 00000000  ......
00000744: 00000000 00000000 00000000 00000000 00000000 00000000  ......
0000074a: 00000000 00000000 00000000 00000000 00000000 00000000  ......
00000750: 00000000 00000000 00000000 00000000 00000000 00000000  ......
00000756: 00000000 00000000 00000000 00000000 00000000 00000000  ......
0000075c: 00000000 00000000 00000000 00000000 00000000 00000000  ......
00000762: 00000000 00000000 00000000 00000000 00000000 00000000  ......
00000768: 00000000 00000000 00000000 00000000 00000000 00000000  ......
0000076e: 00000000 00000000 00000000 00000000 00000000 00000000  ......
00000774: 00000000 00000000 00000000 00000000 00000000 00000000  ......
0000077a: 00000000 00000000 00000000 00000000 00000000 00000000  ......
00000780: 00000000 00000000 00000000 00000000 00000000 00000000  ......
00000786: 00000000 00000000 00000000 00000000 00000000 00000000  ......
0000078c: 00000000 00000000 00000000 00000000 00000000 00000000  ......
00000792: 00000000 00000000 00000000 00000000 00000000 00000000  ......
00000798: 00000000 00000000 00000000 00000000 00000000 00000000  ......
0000079e: 00000000 00000000 00000000 00000000 00000000 00000000  ......
000007a4: 00000000 00000000 00000000 00000000 00000000 00000000  ......
000007aa: 00000000 00000000 00000000 00000000 00000000 00000000  ......
000007b0: 00000000 00000000 00000000 00000000 00000000 00000000  ......
000007b6: 00000000 00000000 00000000 00000000 00000000 00000000  ......
000007bc: 00000000 00000000 00000000 00000000 00000000 00000000  ......
000007c2: 00000000 00000000 00000000 00000000 00000000 00000000  ......
000007c8: 00000000 00000000 00000000 00000000 00000000 00000000  ......
000007ce: 00000000 00000000 00000000 00000000 00000000 00000000  ......
000007d4: 00000000 00000000 00000000 00000000 00000000 00000000  ......
000007da: 00000000 00000000 00000000 00000000 00000000 00000000  ......
000007e0: 00000000 00000000 00000000 00000000 00000000 00000000  ......
000007e6: 00000000 00000000 00000000 00000000 00000000 00000000  ......
000007ec: 00000000 00000000 00000000 00000000 00000000 00000000  ......
000007f2: 00000000 00000000 00000000 00000000 00000000 00000000  ......
000007f8: 00000000 00000000 00000000 00000000 00000000 00000000  ......
000007fe: 00000000 00000000 00000000 00000000 00000000 00000000  ......
00000804: 00000000 00000000 00000000 00000000 00000000 00000000  ......
0000080a: 00000000 00000000 00000000 00000000 00000000 00000000  ......
00000810: 00000000 00000000 00000000 00000000 00000000 00000000  ......
00000816: 00000000 00000000 00000000 00000000 00000000 00000000  ......
0000081c: 00000000 00000000 00000000 00000000 00000000 00000000  ......
00000822: 00000000 00000000 00000000 00000000 00000000 00000000  ......
00000828: 00000000 00000000 00000000 00000000 00000000 00000000  ......
0000082e: 00000000 00000000 00000000 00000000 00000000 00000000  ......
00000834: 00000000 00000000 00000000 00000000 00000000 00000000  ......
0000083a: 00000000 00000000 00000000 00000000 00000000 00000000  ......
00000840: 00000000 00000000 00000000 00000000 00000000 00000000  ......
00000846: 00000000 00000000 00000000 00000000 00000000 00000000  ......
0000084c: 00000000 00000000 00000000 00000000 00000000 00000000  ......
00000852: 00000000 00000000 00000000 00000000 00000000 00000000  ......
00000858: 00000000 00000000 00000000 00000000 00000000 00000000  ......
0000085e: 00000000 00000000 00000000 00000000 00000000 00000000  ......
00000864: 00000000 00000000 00000000 00000000 00000000 00000000  ......
0000086a: 00000000 00000000 00000000 00000000 00000000 00000000  ......
00000870: 00000000 00000000 00000000 00000000 00000000 00000000  ......
00000876: 00000000 00000000 00000000 00000000 00000000 00000000  ......
0000087c: 00000000 00000000 00000000 00000000 00000000 00000000  ......
00000882: 00000000 00000000 00000000 00000000 00000000 00000000  ......
00000888: 00000000 00000000 00000000 00000000 00000000 00000000  ......
0000088e: 00000000 00000000 00000000 00000000 00000000 00000000  ......
00000894: 00000000 00000000 00000000 00000000 00000000 00000000  ......
0000089a: 00000000 00000000 00000000 00000000 00000000 00000000  ......
000008a0: 00000000 00000000 00000000 00000000 00000000 00000000  ......
000008a6: 00000000 00000000 00000000 00000000 00000000 00000000  ......
000008ac: 00000000 00000000 00000000 00000000 00000000 00000000  ......
000008b2: 00000000 00000000 00000000 00000000 00000000 00000000  ......
000008b8: 00000000 00000000 00000000 00000000 00000000 00000000  ......
000008be: 00000000 00000000 00000000 00000000 00000000 00000000  ......
000008c4: 00000000 00000000 00000000 00000000 00000000 00000000  ......
000008ca: 00000000 00000000 00000000 00000000 00000000 00000000  ......
000008d0: 00000000 00000000 00000000 00000000 00000000 00000000  ......
000008d6: 00000000 00000000 00000000 00000000 00000000 00000000  ......
000008dc: 00000000 00000000 00000000 00000000 00000000 00000000  ......
000008e2: 00000000 00000000 00000000 00000000 00000000 00000000  ......
000008e8: 00000000 00000000 00000000 00000000 00000000 00000000  ......
000008ee: 00000000 00000000 00000000 00000000 00000000 00000000  ......
000008f4: 00000000 00000000 00000000 00000000 00000000 00000000  ......
000008fa: 00000000 00000000 00000000 00000000 00000000 00000000  ......
00000900: 00000000 00000000 00000000 00000000 00000000 00000000  ......
00000906: 00000000 00000000 00000000 00000000 00000000 00000000  ......
0000090c: 00000000 00000000 00000000 00000000 00000000 00000000  ......
00000912: 00000000 00000000 00000000 00000000 00000000 00000000  ......
00000918: 00000000 00000000 00000000 00000000 00000000 00000000  ......
0000091e: 00000000 00000000 00000000 00000000 00000000 00000000  ......
00000924: 00000000 00000000 00000000 00000000 00000000 00000000  ......
0000092a: 00000000 00000000 00000000 00000000 00000000 00000000  ......
00000930: 00000000 00000000 00000000 00000000 00000000 00000000  ......
00000936: 00000000 00000000 00000000 00000000 00000000 00000000  ......
0000093c: 00000000 00000000 00000000 00000000 00000000 00000000  ......
00000942: 00000000 00000000 00000000 00000000 00000000 00000000  ......
00000948: 00000000 00000000 00000000 00000000 00000000 00000000  ......
0000094e: 00000000 00000000 00000000 00000000 00000000 00000000  ......
00000954: 00000000 00000000 00000000 00000000 00000000 00000000  ......
0000095a: 00000000 00000000 00000000 00000000 00000000 00000000  ......
00000960: 00000000 00000000 00000000 00000000 00000000 00000000  ......
00000966: 00000000 00000000 00000000 00000000 00000000 00000000  ......
0000096c: 00000000 00000000 00000000 00000000 00000000 00000000  ......
00000972: 00000000 00000000 00000000 00000000 00000000 00000000  ......
00000978: 00000000 00000000 00000000 00000000 00000000 00000000  ......
0000097e: 00000000 00000000 00000000 00000000 00000000 00000000  ......
00000984: 00000000 00000000 00000000 00000000 00000000 00000000  ......
0000098a: 00000000 00000000 00000000 00000000 00000000 00000000  ......
00000990: 00000000 00000000 00000000 00000000 00000000 00000000  ......
00000996: 00000000 00000000 00000000 00000000 00000000 00000000  ......
0000099c: 00000000 00000000 00000000 00000000 00000000 00000000  ......
000009a2: 00000000 00000000 00000000 00000000 00000000 00000000  ......
000009a8: 00000000 00000000 00000000 00000000 00000000 00000000  ......
000009ae: 00000000 00000000 00000000 00000000 00000000 00000000  ......
000009b4: 00000000 00000000 00000000 00000000 00000000 00000000  ......
000009ba: 00000000 00000000 00000000 00000000 00000000 00000000  ......
000009c0: 00000000 00000000 00000000 00000000 00000000 00000000  ......
000009c6: 00000000 00000000 00000000 00000000 00000000 00000000  ......
000009cc: 00000000 00000000 00000000 00000000 00000000 00000000  ......
000009d2: 00000000 00000000 00000000 00000000 00000000 00000000  ......
000009d8: 00000000 00000000 00000000 00000000 00000000 00000000  ......
000009de: 00000000 00000000 00000000 00000000 00000000 00000000  ......
000009e4: 00000000 00000000 00000000 00000000 00000000 00000000  ......
000009ea: 00000000 00000000 00000000 00000000 00000000 00000000  ......
000009f0: 00000000 00000000 00000000 00000000 00000000 00000000  ......
000009f6: 00000000 00000000 00000000 00000000 00000000 00000000  ......
000009fc: 00000000 00000000 00000000 00000000                    ....
